0.0,0.0,-0.000437798976741,3.67524834097e-05,-1.56953819592,0.0
0.0,0.0,-0.000872328977483,0.000135101507741,-1.56599095463,0.0
0.0,0.0,-0.00104419115534,0.000143459404575,-1.56673961093,0.0
0.0,0.0,-0.00100635483118,9.11387702184e-05,-1.56682392753,0.0
0.00144862327916,0.0,-0.000489718266565,0.000340164204826,-1.5672277925,0.0273899359504
0.0065188047562,0.0,-0.00193002118432,0.00450248378029,-1.52889792721,0.106516417585
0.0449073216538,0.0,-0.0115307262038,0.0708587021662,-1.36065987052,0.219119487603
0.0543233729683,0.0,-0.0165264454599,0.0865901275292,-1.32176752966,0.234336118687
0.0586692428058,0.0,-0.0218949223907,0.104298022643,-1.26046442243,0.182599573003
0.0680852941203,0.0,-0.0349803878382,0.131705510632,-1.16702654183,0.234336118687
0.0615664893641,0.0,-0.0617450681289,0.174727784315,-1.00058369436,0.185642899219
0.0619286451839,0.0,-0.0781618919743,0.195792255806,-0.911825500366,0.200859530303
0.0630151126433,0.0,-0.102438398648,0.221123429856,-0.812950549859,0.206946182736
0.0648258917422,0.0,-0.112289032484,0.229378797597,-0.766458231443,0.234336118687
0.0561341520673,0.0,-0.140246750769,0.249174344122,-0.657771399027,0.179556246786
0.0637394242828,0.0,-0.177669515048,0.273308275044,-0.490126962015,0.304332621671
0.063377268463,0.0,-0.215963246025,0.286680098268,-0.341238114347,0.20390285652
0.058307086986,0.0,-0.220726174695,0.288627316371,-0.329201639186,0.234336118687
0.0593935544454,0.0,-0.25278236895,0.297592161524,-0.195089327071,0.24955274977
0.0622908010037,0.0,-0.29701293313,0.299308711792,-0.0398637327215,0.286072664371
0.0597557102652,0.0,-0.326418428014,0.295636107851,0.0762464135575,0.261726054637
0.0597557102652,0.0,-0.3306309986,0.295941027046,0.0957111205941,0.22216281382
0.0669988266609,0.0,-0.377688804272,0.283723785364,0.287062441212,0.328679231405
0.0554098404277,0.0,-0.397015902805,0.274773371071,0.373846223502,0.243466097337
0.065188047562,0.0,-0.446038585691,0.242894935456,0.605913013065,0.307375947888
0.0662745150214,0.0,-0.45530512003,0.234685703767,0.658472816811,0.328679231405
0.0604800219047,0.0,-0.47040491422,0.218206259074,0.751133292546,0.298245969238
0.0601178660849,0.0,-0.481168864187,0.205503635932,0.816584196081,0.301289295455
0.0525125938694,0.0,-0.514103212981,0.153440859328,1.05483795094,0.167382941919
0.0539612171485,0.0,-0.51870610151,0.143338737128,1.1134006506,0.176512920569
0.0546855287881,0.0,-0.524520797675,0.123241607668,1.18497686663,0.23129279247
0.0612043335443,0.0,-0.529956446122,0.103372150267,1.28118008636,0.322592578972
0.0528747496892,0.0,-0.534480992868,0.0540011323252,1.48172359232,0.22216281382
0.0564963078871,0.0,-0.533045049186,0.0301178919213,1.58584216779,0.261726054637
0.0655502033818,0.0,-0.524885657358,-0.0144736908253,1.74495473495,0.319549252755
0.0622908010037,0.0,-0.524944537188,-0.0226632105396,1.78686037361,0.316505926538
0.0554098404277,0.0,-0.514828284935,-0.0494015808902,1.88724873736,0.200859530303
0.0601178660849,0.0,-0.491875214913,-0.0860426505216,2.04242523955,0.21303283517
0.0601178660849,0.0,-0.468765137527,-0.11984980711,2.18966236343,0.228249466253
0.0608421777245,0.0,-0.465199673504,-0.123012302115,2.21043507452,0.23129279247
0.0630151126433,0.0,-0.438623998589,-0.149336011469,2.34227769655,0.301289295455
0.0626529568235,0.0,-0.402383167316,-0.176833975744,2.49532775754,0.188686225436
0.0579449311662,0.0,-0.376533347639,-0.19226335403,2.58987007965,0.20390285652
0.0568584637068,0.0,-0.371861156065,-0.194047439634,2.61245301425,0.209989508953
0.0630151126433,0.0,-0.319503580681,-0.215788078826,2.80722237111,0.155209637052
0.0626529568235,0.0,-0.28901777072,-0.22175937481,2.90989226975,0.22216281382
0.0662745150214,0.0,-0.227981999156,-0.22644369763,3.11199837166,0.225206140037
0.0706203848588,0.0,-0.217769073255,-0.225002544384,-3.13722250801,0.24955274977
0.0543233729683,0.0,-0.204240538026,-0.223794863655,-3.10192113398,0.146079658402
0.0416479192757,0.0,-0.200752489964,-0.223643270455,-3.09298445421,0.0699965029844
0.0416479192757,0.0,-0.134096304636,-0.224984221205,3.07958000795,-0.0730398292011
0.0586692428058,0.0,-0.0127729202769,-0.248102959154,2.87371044188,-0.133906353535
0.0564963078871,0.0,0.0945691976964,-0.294850817256,2.63249117035,-0.121733048669
0.0575827753464,0.0,0.198400416432,-0.375748934887,2.34905700085,-0.167382941919
0.0604800219047,0.0,0.277916528743,-0.492008857276,2.02376083734,-0.182599573003
0.0535990613287,0.0,0.31015441391,-0.597749736794,1.75335026646,-0.176512920569
0.0517882822298,0.0,0.310304649672,-0.705669990044,1.44846411207,-0.143036332186
0.0575827753464,0.0,0.271756812383,-0.814654211077,1.11639217738,-0.200859530303
0.053236905509,0.0,0.192231088859,-0.913332779237,0.75064750481,-0.149122984619
0.0579449311662,0.0,0.0791315112197,-0.979682295849,0.400995570391,-0.118689722452
0.0590313986256,0.0,-0.0476707964176,-1.0014338813,0.046561295312,-0.197816204086
0.0387506727174,0.0,-0.130448581645,-0.990676503319,-0.162052361517,-0.109559743802
0.0,0.0,-0.130145787424,-0.990705345914,-0.163318508412,0.0
0.0,0.0,-0.131056474336,-0.984277623608,-0.16825186082,0.0
0.0,0.0,-0.13019251324,-0.989813184526,-0.165653258442,0.0
0.0282481539435,0.0,-0.18516893752,-0.977249640345,-0.220970195343,0.063909850551
0.0709825406786,0.0,-0.239727137922,-0.961791123058,-0.256438198615,0.042606567034
0.0872795525691,0.0,-0.372171284401,-0.924929223605,-0.29712966728,-0.115646396235
0.0785878128942,0.0,-0.40006299798,-0.916366116957,-0.301086103676,0.0517365456841
0.0590313986256,0.0,-0.493881312873,-0.885682597759,-0.317359929986,-0.0395632408173
0.0557719962475,0.0,-0.504409916566,-0.882561544063,-0.316299314446,0.00304332621671
0.0409236076361,0.0,-0.575573506388,-0.858803297094,-0.322309158504,-0.0182599573003
0.0459937891132,0.0,-0.605715477142,-0.850231097353,-0.322334148704,0.00608665243343
0.0358534261591,0.0,-0.649823923457,-0.835254475353,-0.329568602228,-0.0699965029844
0.0264373748446,0.0,-0.660375059799,-0.831764046075,-0.330009777761,-0.00304332621671
0.0202807259082,0.0,-0.693375844275,-0.819768933411,-0.33520660663,-0.00912997865014
0.018832102629,0.0,-0.697366772496,-0.818551490345,-0.33326209675,0.00608665243343
0.0133997653322,0.0,-0.720594822239,-0.810601753014,-0.329030665767,0.0
0.0144862327916,0.0,-0.724582527389,-0.809791069824,-0.329409062287,0.0121733048669
0.0112268304135,0.0,-0.743428132309,-0.804498589909,-0.32487190887,0.00608665243343
0.0112268304135,0.0,-0.749383740746,-0.802425744481,-0.331716877749,-0.0152166310836
0.00724311639578,0.0,-0.75682930047,-0.799918305513,-0.32298799184,0.00608665243343
0.00507018147704,0.0,-0.75975811135,-0.798547755386,-0.328179483929,0.0
0.00398371401768,0.0,-0.765425212905,-0.796464090603,-0.32527146591,0.00304332621671
0.00253509073852,0.0,-0.765226476097,-0.796720157028,-0.324475420428,0.0
0.0,0.0,-0.765844778035,-0.796680909862,-0.32688430945,0.0
0.0,0.0,-0.765483632839,-0.797238837726,-0.32194181517,0.0
0.0,0.0,-0.766166911609,-0.797226415035,-0.323378356072,0.0
0.0,0.0,-0.76557807946,-0.79763996862,-0.32433622003,0.0
0.0,0.0,-0.765422586522,-0.796881225768,-0.324851364317,0.0
0.0369398936185,0.0,-0.825351248488,-0.76977096989,-0.461256410689,-0.0882564602847
0.0449073216538,0.0,-0.836522490821,-0.762050345761,-0.484451861835,-0.0973864389348
0.0561341520673,0.0,-0.915079433667,-0.701790287692,-0.743735940231,-0.164339615702
0.0586692428058,0.0,-0.932954267533,-0.686337717569,-0.797991370367,-0.167382941919
0.0586692428058,0.0,-0.98787689658,-0.603120634874,-1.07101063238,-0.20390285652
0.063377268463,0.0,-1.00649543458,-0.560831086238,-1.19020983928,-0.252596075987
0.0546855287881,0.0,-1.02164708148,-0.482792271534,-1.43003535298,-0.24955274977
0.0543233729683,0.0,-1.02221647341,-0.444688067043,-1.53375273951,-0.170426268136
0.0525125938694,0.0,-1.01212205783,-0.358470141351,-1.78556882405,-0.182599573003
0.0517882822298,0.0,-1.00440976323,-0.33527759957,-1.85253818224,-0.152166310836
0.0575827753464,0.0,-0.962133937011,-0.247974889786,-2.13729026752,-0.237379444904
0.0575827753464,0.0,-0.941620228765,-0.221779327402,-2.22830960544,-0.225206140037
0.0507018147704,0.0,-0.887491055225,-0.169778380638,-2.45515313751,-0.170426268136
0.0622908010037,0.0,-0.830717703425,-0.135059776309,-2.64644110417,-0.24042277112
0.0546855287881,0.0,-0.784314206551,-0.116082485822,-2.792802024,-0.188686225436
0.0521504380496,0.0,-0.724457398318,-0.103577637622,-2.97610205362,-0.188686225436
0.0575827753464,0.0,-0.659705884366,-0.101635506374,3.11616325815,-0.23129279247
0.0539612171485,0.0,-0.611660365079,-0.107192850097,2.96530290541,-0.20390285652
0.0572206195266,0.0,-0.530843487436,-0.133760418048,2.72076070187,-0.176512920569
0.05142612641,0.0,-0.503164209945,-0.147240141102,2.62536228563,-0.155209637052
0.0575827753464,0.0,-0.430708817117,-0.207474378496,2.34208097855,-0.228249466253
0.0568584637068,0.0,-0.410226456937,-0.232758644281,2.24349008368,-0.237379444904
0.0550476846079,0.0,-0.369672029132,-0.305056681321,1.9794059757,-0.234336118687
0.0470802565725,0.0,-0.361035299008,-0.330476118807,1.90985840342,-0.155209637052
0.00181077909894,0.0,-0.361462130209,-0.33102168237,1.91705301703,-0.0334765883838
0.0,0.0,-0.36180823816,-0.330808915234,1.91638999499,0.0
0.0,0.0,-0.361039401696,-0.331539064454,1.92054285823,0.0
0.0,0.0,-0.36144890082,-0.331395087106,1.92186251775,0.0
0.0,0.0,-0.361019786618,-0.33029025954,1.91811111504,0.0
0.0,0.0,-0.360433533195,-0.330214892958,1.92107128911,0.0
0.0,0.0,-0.360443990388,-0.330261412072,1.92003243188,0.0
0.0032594023781,0.0,-0.36050773188,-0.330717701336,1.92712328281,0.0547798719008
0.0126754536926,0.0,-0.350910153596,-0.351088868952,1.99224229499,0.164339615702
0.0557719962475,0.0,-0.308719847613,-0.418068219821,2.15693138823,0.200859530303
0.0590313986256,0.0,-0.304189124018,-0.426860680971,2.17875454852,0.188686225436
0.0662745150214,0.0,-0.290284136823,-0.443284438177,2.23323587114,0.161296289486
0.0822093710921,0.0,-0.252524820582,-0.481812117752,2.37216811916,0.23129279247
0.0597557102652,0.0,-0.216664411813,-0.508076278605,2.48960843695,0.130863027319
0.0803985919931,0.0,-0.170603607571,-0.534462978387,2.63553173957,0.216076161387
0.0680852941203,0.0,-0.158016554999,-0.541587055407,2.68475583559,0.243466097337
0.0680852941203,0.0,-0.133334061205,-0.551928815956,2.762863718,0.267812707071
0.0735176314171,0.0,-0.0757330380339,-0.56353765509,2.93871402172,0.283029338154
0.0622908010037,0.0,-0.0373786195466,-0.56553059564,3.06008250148,0.155209637052
0.0572206195266,0.0,-0.032410391385,-0.565268389362,3.07741115024,0.185642899219
0.0662745150214,0.0,-0.00308074586576,-0.564259265996,-3.10999641701,0.261726054637
0.0593935544454,0.0,0.0477842563939,-0.552684177469,-2.93476377242,0.22216281382
0.058307086986,0.0,0.0841418942432,-0.540347634668,-2.79894676563,0.21303283517
0.0601178660849,0.0,0.0921291914563,-0.536621052692,-2.77355884538,0.20390285652
0.0713446964984,0.0,0.139228880216,-0.510981952992,-2.59767585536,0.292159316804
0.0619286451839,0.0,0.150971587283,-0.499977579506,-2.54912183814,0.243466097337
0.0698960732192,0.0,0.204713096617,-0.44486154079,-2.27474074488,0.209989508953
0.0662745150214,0.0,0.209123439452,-0.437515921091,-2.24922774774,0.191729551653
0.0666366708411,0.0,0.228139960058,-0.410197833578,-2.12820268151,0.343895862489
0.0662745150214,0.0,0.238621367708,-0.390073035953,-2.05229325493,0.356069167355
0.0535990613287,0.0,0.256901353195,-0.339850685692,-1.87338830122,0.136949679752
0.0695339173995,0.0,0.263078913427,-0.296084532491,-1.73162272568,0.191729551653
0.0644637359224,0.0,0.265089756851,-0.25924117186,-1.61763176749,0.319549252755
0.0695339173995,0.0,0.264721618866,-0.249864541177,-1.58083885699,0.279986011938
0.0637394242828,0.0,0.260411571935,-0.209924812744,-1.44168136606,0.200859530303
0.0528747496892,0.0,0.250567105143,-0.173135253853,-1.30973466563,0.146079658402
0.0593935544454,0.0,0.240244314957,-0.146836713275,-1.20923691302,0.270856033287
0.0615664893641,0.0,0.234132847047,-0.13202844291,-1.16965810578,0.24042277112
0.0655502033818,0.0,0.205616992016,-0.0860068562054,-0.986155303582,0.21303283517
0.0612043335443,0.0,0.187218375711,-0.0650180189492,-0.886114293092,0.20390285652
0.0684474499401,0.0,0.143483409214,-0.0262059736204,-0.699768817913,0.289115990588
0.0619286451839,0.0,0.139702384357,-0.0229312174483,-0.683506475681,0.228249466253
0.0612043335443,0.0,0.112134632599,-0.00662537232384,-0.581034737458,0.228249466253
0.0680852941203,0.0,0.0753338040546,0.0108792426913,-0.409951601382,0.252596075987
0.0593935544454,0.0,0.030926541344,0.0243561567397,-0.245660747929,0.200859530303
0.0586692428058,0.0,0.030926541344,0.0243561567397,-0.245660747929,0.197816204086
0.0709825406786,0.0,-0.0239165144318,0.0290866676693,-0.0453008785993,0.258682728421
0.0590313986256,0.0,-0.0412469187713,0.0283241399299,0.0268668510891,0.237379444904
0.0488910356715,0.0,-0.065144369576,0.0238791784974,0.102860066996,0.0943431127181
0.044545165834,0.0,-0.0656815636911,0.0241817165557,0.107625992122,0.0608665243343
0.0115889862332,0.0,-0.0654615184468,0.0242191313846,0.106123116173,-0.0273899359504
0.0,0.0,-0.0655506657713,0.0247518736898,0.103918481285,0.0
0.0,0.0,-0.0658373072803,0.0239658951137,0.107846133424,0.0
0.0,0.0,-0.0663958097323,0.0244092333517,0.104929824309,0.0
0.0,0.0,-0.0663774344252,0.0243451030858,0.108655456423,0.0
0.0,0.0,-0.0661506520566,0.0239559117887,0.104583383106,0.0
0.0,0.0,-0.0655278011356,0.0242731883231,0.10622103965,0.0
0.0,0.0,-0.0656638243587,0.0241996315206,0.109735806499,0.0
0.0,0.0,-0.0660990923625,0.0239600782962,0.10311451639,0.0
0.0101403629541,0.0,-0.0801010077011,0.0197918042108,0.184320071788,0.149122984619
0.0474424123923,0.0,-0.140818292918,0.000426987111389,0.406628640857,0.276942685721
0.0550476846079,0.0,-0.177042360469,-0.0232941519468,0.567261822406,0.191729551653
0.0579449311662,0.0,-0.228424225349,-0.0779726299675,0.84534155764,0.188686225436
0.0535990613287,0.0,-0.242234260518,-0.0965880099585,0.950032887891,0.219119487603
0.0510639705902,0.0,-0.27171997182,-0.167092990194,1.2538101956,0.191729551653
0.0543233729683,0.0,-0.275792465122,-0.192437065448,1.36232775957,0.234336118687
0.0499775031309,0.0,-0.273517797119,-0.268473167957,1.65936213774,0.173469594353
0.0604800219047,0.0,-0.259930990474,-0.320635389741,1.87395162928,0.258682728421
0.053236905509,0.0,-0.236483169769,-0.366801141038,2.06092245459,0.23129279247
0.0521504380496,0.0,-0.199313530012,-0.413333635311,2.28757065669,0.216076161387
0.053236905509,0.0,-0.164219392857,-0.446273445634,2.45014472342,0.170426268136
0.0550476846079,0.0,-0.109676512475,-0.472771479867,2.6773094017,0.234336118687
0.0619286451839,0.0,-0.0433029608172,-0.489213392721,2.94956988296,0.228249466253
0.0528747496892,0.0,-0.00993712119473,-0.491791853962,3.0676994035,0.182599573003
0.0586692428058,0.0,0.0783248836684,-0.478371796804,-2.90230291949,0.234336118687
0.0575827753464,0.0,0.100506271194,-0.468228625965,-2.8114942302,0.243466097337
0.05142612641,0.0,0.169236237871,-0.427593036193,-2.534310548,0.164339615702
0.0539612171485,0.0,0.193278583322,-0.405561277266,-2.4134479928,0.19477287787
0.0510639705902,0.0,0.235174647193,-0.353610576635,-2.18582753047,0.185642899219
0.0535990613287,0.0,0.25834109552,-0.307926263409,-2.00041134866,0.152166310836
0.0535990613287,0.0,0.274581923521,-0.25218853654,-1.81198256766,0.173469594353
0.0554098404277,0.0,0.279303829222,-0.200004844523,-1.61375633033,0.200859530303
0.0539612171485,0.0,0.267818167177,-0.130534646725,-1.35510177288,0.19477287787
0.0525125938694,0.0,0.257577415848,-0.0992581539999,-1.23462977911,0.200859530303
0.0260752190248,0.0,0.243707538584,-0.0709985290193,-1.14736440073,0.0152166310836
0.0,0.0,0.243799954815,-0.0710639580132,-1.1414582583,0.0
0.0,0.0,0.241785362223,-0.070859951774,-1.14029355295,0.0
0.0,0.0,0.244076114376,-0.0712661319134,-1.14560013501,0.0
0.0,0.0,0.244182929063,-0.0713399827362,-1.14445600289,0.0
0.0,0.0,0.241791606926,-0.070617991961,-1.14790168687,0.0
0.0,0.0,0.245819235535,-0.0704022431515,-1.14522647366,0.0
0.0,0.0,0.243643076831,-0.0702746916425,-1.14766409757,0.0
0.0195564142686,0.0,0.228611507823,-0.0453642040597,-1.0937351382,0.0669531767677
0.0615664893641,0.0,0.184970569449,0.0242154446643,-1.01704764397,0.133906353535
0.0843823060108,0.0,0.139507684418,0.0904950532426,-0.9545458877,0.0669531767677
0.0832958385514,0.0,0.0810366392283,0.165228094984,-0.875918079022,0.0365199146006
0.0630151126433,0.0,0.0605619131013,0.186856948305,-0.856826429664,0.0334765883838
0.0579449311662,0.0,0.00613602760102,0.245394743513,-0.798369947995,0.0395632408173
0.0539612171485,0.0,-0.0103261280997,0.263077857821,-0.789260702506,0.0486932194674
0.0401992959966,0.0,-0.0501338323866,0.303348297123,-0.740830175845,0.0304332621671
0.0427343867351,0.0,-0.0783904147559,0.327025967826,-0.720082432934,0.0
0.0267995306644,0.0,-0.094391695648,0.339946248459,-0.693123240325,0.0152166310836
0.0253509073852,0.0,-0.118997899888,0.360473807835,-0.680770187395,0.021303283517
0.0246265957456,0.0,-0.13230678237,0.370386043018,-0.66374971393,0.0182599573003
0.0217293491873,0.0,-0.156515942314,0.388012274552,-0.642855260983,0.00912997865014
0.018832102629,0.0,-0.163761099996,0.39531339611,-0.634949777227,0.0273899359504
0.0177456351697,0.0,-0.185131450987,0.407747729773,-0.611795565567,0.00912997865014
0.0177456351697,0.0,-0.193964081713,0.413924188743,-0.604638070124,0.0365199146006
0.0108646745937,0.0,-0.204876729767,0.422430975221,-0.606743204686,0.00912997865014
0.011951142053,0.0,-0.214068412423,0.42868047063,-0.600526814065,0.0121733048669
0.0097782071343,0.0,-0.221095869623,0.432343648828,-0.5927119163,0.00304332621671
0.0065188047562,0.0,-0.225894413589,0.435654066387,-0.586560370658,0.00304332621671
0.00579449311662,0.0,-0.232400297606,0.439805797694,-0.578231853112,-0.00304332621671
0.0032594023781,0.0,-0.232285399129,0.439389543539,-0.579312049808,0.00608665243343
0.0,0.0,-0.232300628601,0.439715981032,-0.578604354395,0.0
0.0,0.0,-0.232133848222,0.43927783167,-0.576782575004,0.0
0.0217293491873,0.0,-0.261190804051,0.459958628043,-0.475228985693,0.130863027319
0.0311454005018,0.0,-0.275385710234,0.463558169413,-0.445651242554,0.158252963269
0.0492531914913,0.0,-0.312647935297,0.476568537916,-0.342845718958,0.255639402204
0.0586692428058,0.0,-0.369225183984,0.488332930717,-0.159836389148,0.185642899219
0.0561341520673,0.0,-0.39155788796,0.490364364741,-0.0807119252392,0.176512920569
0.0572206195266,0.0,-0.430547221194,0.488904417862,0.0454310711704,0.167382941919
0.0644637359224,0.0,-0.501779947315,0.471630764048,0.316700966523,0.261726054637
0.0604800219047,0.0,-0.509891791172,0.468845379202,0.341000550559,0.279986011938
0.0593935544454,0.0,-0.53668472554,0.456623043886,0.441636919327,0.258682728421
0.0521504380496,0.0,-0.596741228123,0.413153603873,0.705510226773,0.173469594353
0.0521504380496,0.0,-0.596741228123,0.413153603873,0.705510226773,0.176512920569
0.0568584637068,0.0,-0.620482922617,0.385747882919,0.832704660403,0.273899359504
0.0488910356715,0.0,-0.649375019148,0.339948487329,1.04824686819,0.188686225436
0.0561341520673,0.0,-0.65797187895,0.321241593878,1.11899750874,0.21303283517
0.0539612171485,0.0,-0.670948758234,0.275457022039,1.31560190227,0.20390285652
0.0496153473111,0.0,-0.674886830973,0.245927895537,1.42163455527,0.20390285652
0.053236905509,0.0,-0.674716977928,0.213604083028,1.5386642252,0.176512920569
0.0572206195266,0.0,-0.668080293865,0.1680841164,1.7126695234,0.23129279247
0.0517882822298,0.0,-0.66187740051,0.14900077919,1.79825220231,0.243466097337
0.05142612641,0.0,-0.644839303562,0.10608121161,1.98120192428,0.170426268136
0.0503396589506,0.0,-0.62682037751,0.0773539031685,2.09183861528,0.188686225436
0.0575827753464,0.0,-0.60258779213,0.0467372133303,2.23149014715,0.197816204086
0.0604800219047,0.0,-0.570620419715,0.0167321087676,2.37378815303,0.225206140037
0.0525125938694,0.0,-0.545953012153,-0.00293559766613,2.47721633059,0.167382941919
0.0590313986256,0.0,-0.498755017753,-0.0269453174788,2.65346209614,0.273899359504
0.0525125938694,0.0,-0.476728089922,-0.0369126874978,2.73983851674,0.173469594353
0.0626529568235,0.0,-0.412656211604,-0.0494392630479,2.95233187629,0.143036332186
0.0615664893641,0.0,-0.383519309848,-0.0541456924751,3.02772384434,0.246509423554
0.0543233729683,0.0,-0.370985083393,-0.0539846947722,3.07087297804,0.185642899219
0.0575827753464,0.0,-0.29489298457,-0.0436484765933,-2.98183569163,0.146079658402
0.0615664893641,0.0,-0.265067921269,-0.0355670114899,-2.87349534862,0.206946182736
0.0677231383005,0.0,-0.226115696291,-0.0183982812925,-2.74545713875,0.316505926538
0.0535990613287,0.0,-0.190073977407,0.000649735382174,-2.62731542235,0.149122984619
0.0590313986256,0.0,-0.140711442618,0.0415660230986,-2.43390429792,0.0760831554178
0.0507018147704,0.0,-0.135732301671,0.0453569926448,-2.42645958583,0.0973864389348
0.0289724655831,0.0,-0.136031496685,0.0452299045758,-2.42869572699,0.0
0.0,0.0,-0.135645213132,0.0448109135036,-2.42612404664,0.0
0.0,0.0,-0.136766793689,0.0454527622472,-2.42764240954,0.0
0.0,0.0,-0.134994165972,0.0456560311269,-2.42816220403,0.0
0.0,0.0,-0.132612631756,0.0461951638016,-2.43416663546,0.0
0.0,0.0,-0.132710815162,0.0477318063753,-2.44142339603,0.0
